222200000000000000000000000000002222
222200000000000000000000000000002222
222200000000333300003333000000002222
222200000000333300003333000000002222
222200001111222211112222111100002222
222200001111222211112222111100002222
222200001111111111111111111100002222
222200001111111111111111111100002222
222222222222111111111111222222222222
222222222222111111111111222222222222
000000002222333333333333222200000000
000000002222333333333333222200000000
222222222222333333333333222222222222
222222222222333333333333222222222222
222222222222111111111111222222222222
222222222222111111111111222222222222
222222220000333333333333000022222222
222222220000333333333333000022222222
222222220000000033330000000022222222
222222220000000033330000000022222222


