00000000000000000000000000000000000000000000000000000000000
00000000022200022200000000000000000222220000000000002220000
00000000022200022222000000000000222222220000000000002220000
00000000222220002222220000022200022222222200000000222220000
00002222220002222444440000022244422222220000000002222222000
00000222200002222444440000004444444222200000000000022220000
00000002000000022244442222222244400000000002222222200000000
00000000000888888444442222222200000088888882222222200000000
00000000222888888888882222222000000088888884444440000000000
00000022228888888844444444400000000088888884444440000000000
00000022222228888844444444444444444444448888888888880000000
00000022288888888844444444400004444444444488888888880000000
00000000000088888844444444411111111444444444888822220000000
00000000002228888844444111111111111888888888880022220000000
00000000222228888888844441111111111111118888888224444000000
00002222888888888884444411111111111111118888888824444220000
00002222444444448844444111111111111111111118888882222222000
00000000444444448888881111111111111111111888822222200000000
00000002222444444888111111111111111111111111888222200000000
00000002222224444448888811111111111111111111188844444000000
00000000000044444888881111111444444441111111111444444400000
00000088888844444888888111111444444441111111444444444400000
00000088888844444488888881111111111111111111444888888000000
00000000888888444444488888111111111111111144488888880000000
00000022222200000888888888811111111111888888888222222220000
00000022222220000088888800000004444448888888222222222000000
00000000022222000088888888888004444440000008888888822200000
00000000000002222200000022222222222222222220000002222200000
00000000000002222200000022222222222222222220000000000000000
00000000000000000000000000000000000000000000000000000000000
