555500000000000044440000000000005555
555500000000000044440000000000005555
555500004444777744447777444400005555
555500004444777744447777444400005555
000055556666666644446666666655550000
000055556666666644446666666655550000
000000004444444444444444444400000000
000000004444444444444444444400000000
000055555555444444444444555555550000
000055555555444444444444555555550000
000055555555777777777777555555550000
000055555555777777777777555555550000
000055550000777777777777000055550000
000055550000777777777777000055550000
555555550000444444444444000055555555
555555550000444444444444000055555555
555555550000444444444444000055555555
555555550000444444444444000055555555
555555550000777777777777000055555555
555555550000777777777777000055555555
555555550000000077770000000055555555
555555550000000077770000000055555555








