000033333333000000000000000000000000000000000000333333330000
000033333333000000000000000000000000000000000000333333330000
333377777777333300000000000000000000000000003333777777773333
333377777777333300000000000000000000000000003333777777773333
333377777777333300000000000000000000000000003333777777773333
333377773333333300000000000000000000000000003333333377773333
333377773333333300000000000000000000000000003333333377773333
333377773333333300000000000000000000000000003333333377773333
333333337777333300000000000000000000000000003333777733333333
333333337777333300000000000000000000000000003333777733333333
000033337777333300000000777700007777000000003333777733330000
000033337777333300000000777700007777000000003333777733330000
333333333333333300006666666666666666666600003333333333333333
333333333333333300006666666666666666666600003333333333333333
000000003333333333336666666666666666666633333333333300000000
000000003333333333336666666666666666666633333333333300000000
000000000000000033336666666633336666666633330000000000000000
000000000000000033336666666633336666666633330000000000000000
000000000000000000006666666633336666666600000000000000000000
000000000000000000006666666633336666666600000000000000000000
000000000000000000003333333333333333333300000000000000000000
000000000000000000003333333333333333333300000000000000000000
000000000000000033337777777733337777777733330000000000000000
000000000000000033337777777733337777777733330000000000000000
000000000000333333337777777733337777777733333333000000000000
000000000000333333337777777733337777777733333333000000000000
000000000000000000000000333300003333000000000000000000000000
000000000000000000000000333300003333000000000000000000000000
000000000000000000000000333300003333000000000000000000000000
000000000000000000000000333300003333000000000000000000000000



