333333000000004444444400000000333333
333333000000004444444400000000333333
333300000044422244442224440000003333
333300000044422244442224440000003333
033333222222224444444422222222333330
033333222222224444444422222222333330
000033322222444444444444222223330000
000000000044444444444444440000000000
000000000044444444444444440000000000
000000333333344444444443333333000000
000000333333344444444443333333000000
000033333332222222222222233333330000
333333333332222222222222233333333333
333333333332222222222222233333333333
333333300000222222222222000003333333
333333300000222222222222000003333333
333333300000444444444444000003333333
333333300000444444444444000003333333
333333300000222222222222000003333333
333333300000222222222222000003333333
333333300000002222222200000003333333
333333300000002222222200000003333333
