0000000000000000000000000000000000
0000000000000000000000000000000000
0000000000000000000000000000000000
0000000000000000000000000000000000
0000000000000002222000000000000000
0000000000000002222222220000000000
0111111111111111111111222222200000000
0111111111111111111111112222222000000
0111111111111111111111222222200000000
0000000000000002222222220000000000
0000000000000002222000000000000000
0000000000000000000000000000000000
0000000000000000000000000000000000
0000000000000000000000000000000000
0000000000000000000000000000000000


