00000000000000000000000000011110000000000000000000000000000
00000000000000000000000000011110000000000000000000000000000
00000000000000000000000000011110000000000000000000000000000
00000000000000000000000000011110000000000000000000000000000
00000000000000000000000000011110000000000000000000000000000
00000000000000000000000000011110000000000000000000000000000
00000000000000000000000111111111111000000000000000000000000
00000000000000000000000111111111111000000000000000000000000
00000000000000000000000111111111111000000000000000000000000
00000000000000000000000111111111111000000000000000000000000
00000000000000000000000111111111111000000000000000000000000
00000000000000000000000111111111111000000000000000000000000
00000000000022220000000111111111111000000002222000000000000
00000000000022220000000111111111111000000002222000000000000
00000000000022220000111111111111111111100002222000000000000
00000000000022220000111111111111111111100002222000000000000
22220000000011113333111111112222111111133331111000000002222
22220000000011113333111111112222111111133331111000000002222
22220000000033331111111122222222222211111113333000000002222
22220000000033331111111122222222222211111113333000000002222
11110000000011111111111122221111222211111111111000000001111
11110000000011111111111122221111222211111111111000000001111
11110000111111111111111111111111111111111111111111100001111
11110000111111111111111111111111111111111111111111100001111
11111111111111111111222211111111111122221111111111111111111
11111111111111111111222211111111111122221111111111111111111
11111111111100002222222211111111111122222222000011111111111
11111111111100002222222211111111111122222222000011111111111
11111111111100002222222200001111000022222222000011111111111
11111111000000002222222200001111000022222222000000001111111
11111111000000000000000000001111000000000000000000001111111
11111111000000000000000000001111000000000000000000001111111



